1,0.0,0.0,0.0,0,0,0.0
2,-0.00001812,-0.0204,0.0332,10,10,0.1037
3,-0.00001896,-0.0573,0.0212,10,10,0.0858
4,0.00001541,-0.0656,0.0225,10,10,0.1299
5,-0.00001959,-0.1557,-0.0092,10,10,0.1530
6,-0.00003551,-0.2018,0.0178,10,10,0.1770
7,-0.00005173,-0.1763,0.0581,10,10,0.1718
8,-0.00004099,-0.2347,-0.0066,10,10,0.1272
9,0.00000876,-0.1400,-0.0368,10,10,0.2183
10,-0.00002898,-0.1652,0.0286,10,10,0.2652
11,-0.00001994,-0.1215,0.0306,10,10,0.1120
12,0.00001005,-0.1341,-0.0058,10,10,0.1172
13,-0.00001649,-0.1589,0.0520,10,10,0.1897
14,0.00001511,-0.1353,-0.0149,10,10,0.1516
15,-0.00000820,-0.1469,0.0604,10,10,0.1349
16,0.00005206,-0.0833,-0.0205,10,10,0.2385
17,0.00002826,-0.2022,-0.0495,10,10,0.2381
18,0.00001108,-0.2407,-0.0412,10,10,0.0897
19,0.00001059,-0.2161,0.0209,10,10,0.1797
20,0.00001064,-0.2720,-0.0377,10,10,0.1609
21,0.00000803,-0.2221,-0.0192,10,10,0.1418
22,-0.00000749,-0.2490,-0.0684,10,10,0.2123
23,0.00001990,-0.2052,-0.0227,10,10,0.1714
24,0.00002631,-0.2034,-0.0200,10,10,0.1124
25,0.00001868,-0.2758,-0.0303,10,10,0.2446
26,-0.00000482,-0.2612,-0.0313,10,10,0.1406
27,0.00001166,-0.4697,-0.1780,10,10,0.2223
28,0.00000522,-0.4060,-0.1270,10,10,0.1243
29,0.00000705,-0.3572,-0.0935,10,10,0.1361
30,-0.00002804,-0.3833,-0.0950,10,10,0.1765
31,-0.00000300,-0.3546,-0.1373,10,10,0.1309
32,-0.00001567,-0.3165,-0.0480,10,10,0.1760
33,0.00003836,-0.2524,-0.0878,10,10,0.1614
34,-0.00000291,-0.2760,-0.0328,10,10,0.1529
35,-0.00002542,-0.2835,0.0193,10,10,0.1835
36,0.00001792,-0.1972,-0.0011,10,10,0.1327
37,-0.00002567,-0.1998,0.0687,10,10,0.1378
38,-0.00001444,-0.2142,0.0573,10,10,0.1892
39,-0.00000974,-0.3336,0.0109,10,10,0.2271
40,-0.00002349,-0.3051,0.0610,10,10,0.1366
41,0.00003878,-0.2985,-0.0246,10,10,0.2095
42,0.00000157,-0.3272,-0.0305,10,10,0.1452
43,0.00002876,-0.3428,-0.0714,10,10,0.2067
44,0.00000326,-0.3692,-0.0612,10,10,0.1259
45,-0.00000338,-0.3392,-0.0503,10,10,0.1638
46,-0.00001405,-0.3590,-0.0555,10,10,0.1868
47,0.00004824,-0.3227,-0.1408,10,10,0.1197
48,0.00008587,-0.3042,-0.1781,10,10,0.1080
49,0.00008038,-0.3240,-0.1740,10,10,0.2092
50,0.00002076,-0.2999,-0.0702,10,10,0.2015
51,0.00003928,-0.3083,-0.1101,10,10,0.1896
52,0.00002135,-0.2548,-0.0361,10,10,0.1999
53,0.00005090,-0.2549,-0.0530,10,10,0.1436
54,0.00004159,-0.2291,-0.0329,10,10,0.2097
55,-0.00003640,-0.2773,0.1119,10,10,0.1825
56,0.00001450,-0.2233,0.0540,10,10,0.2108
57,-0.00002634,-0.2424,0.1451,10,10,0.2727
58,-0.00000100,-0.2874,0.0745,10,10,0.2097
59,0.00000757,-0.3568,0.0269,10,10,0.2047
60,0.00004074,-0.4485,-0.1846,10,10,0.2064
61,0.00004947,-0.4046,-0.1861,10,10,0.1514
62,0.00000399,-0.3725,-0.0339,10,10,0.0897
63,0.00000329,-0.3992,-0.0292,10,10,0.1459
64,0.00001145,-0.3797,0.0033,10,10,0.1330
65,-0.00001071,-0.4177,-0.0004,10,10,0.2103
66,0.00002055,-0.2988,0.0350,10,10,0.1723
67,0.00000739,-0.2845,0.0162,10,10,0.1668
68,-0.00001218,-0.2836,0.0399,10,10,0.2677
69,-0.00002947,-0.3097,0.0564,10,10,0.2120
70,-0.00003497,-0.3240,0.0824,10,10,0.2447
71,-0.00006146,-0.3124,0.1312,10,10,0.1855
72,-0.00004180,-0.3981,0.0480,10,10,0.1651
73,-0.00001055,-0.3729,0.0104,10,10,0.2447
74,-0.00001555,-0.4505,-0.0363,10,10,0.1791
75,0.00001386,-0.4550,-0.0482,10,10,0.2051
76,0.00005403,-0.4340,-0.0965,10,10,0.2119
77,-0.00000746,-0.5671,-0.1189,10,10,0.1801
78,-0.00000447,-0.4462,-0.0313,10,10,0.1253
79,-0.00001265,-0.4279,-0.0443,10,10,0.1578
80,0.00005838,-0.7973,-0.4019,10,10,0.5468
81,-0.00001079,-0.6827,-0.1927,10,10,0.1581
82,0.00004501,-0.5370,-0.1989,10,10,0.2017
83,0.00006345,-0.4935,-0.2078,10,10,0.1967
84,-0.00005735,-0.2748,0.1317,10,10,0.4775
85,0.00005662,-0.5127,-0.1752,10,10,0.5219
86,-0.00001200,-0.3780,0.0275,10,10,0.3310
87,0.00001275,-0.4981,-0.0748,10,10,0.3849
88,0.00008171,-0.3894,-0.1051,10,10,0.2124
89,0.00004758,-0.4140,-0.0435,10,10,0.2250
90,0.00002591,-0.2486,0.1276,10,10,0.3295
91,-0.00006949,-0.3716,0.1966,10,10,0.2033
92,-0.00004654,-0.4224,0.1588,10,10,0.1779
93,-0.00003554,-0.4345,0.0987,10,10,0.1308
94,-0.00006754,-0.5087,0.0823,10,10,0.1196
95,-0.00000623,-0.4437,0.0001,10,10,0.2404
96,-0.00002623,-0.4020,0.0687,10,10,0.1666
97,-0.00000587,-0.4492,-0.0207,10,10,0.2255
98,-0.00001270,-0.5474,-0.0883,10,10,0.1235
99,-0.00000590,-0.5427,-0.0549,10,10,0.2083
100,0.00002076,-0.4520,-0.0387,10,10,0.2740
101,0.00003266,-0.4460,-0.0666,10,10,0.2510
102,0.00003556,-0.4745,-0.0828,10,10,0.2569
103,0.00002952,-0.4630,-0.0263,10,10,0.1971
104,0.00000062,-0.4190,0.0772,10,10,0.1729
105,-0.00000882,-0.4296,0.0418,10,10,0.2018
106,-0.00000278,-0.3996,0.0936,10,10,0.2830
107,-0.00001342,-0.3847,0.0751,10,10,0.1765
108,-0.00003934,-0.4616,0.0452,10,10,0.1655
109,0.00005422,-0.3686,-0.0538,10,10,0.1851
110,0.00001454,-0.4118,0.0031,10,10,0.1386
111,0.00000500,-0.3162,0.0445,10,10,0.1520
112,0.00001212,-0.3799,0.0276,10,10,0.3623
113,0.00002356,-0.3788,0.0568,10,10,0.1621
114,-0.00000988,-0.4414,0.0566,10,10,0.1647
115,0.00002556,-0.4002,0.0189,10,10,0.1472
116,-0.00001503,-0.4036,0.1046,10,10,0.2753
117,0.00002872,-0.3673,0.0670,10,10,0.1832
118,0.00001732,-0.4818,0.0199,10,10,0.1983
119,0.00003093,-0.3482,0.0599,10,10,0.2608
120,0.00002273,-0.3850,0.0498,10,10,0.1633
121,-0.00000581,-0.4929,0.0110,10,10,0.1715
122,-0.00002055,-0.5278,-0.0019,10,10,0.1654
123,-0.00001362,-0.5983,-0.0193,10,10,0.1558
124,0.00004474,-0.5993,-0.1429,10,10,0.2344
125,0.00005990,-0.5395,-0.1638,10,10,0.2045
126,0.00002990,-0.6418,-0.1191,10,10,0.2796
127,0.00001646,-0.6117,-0.0850,10,10,0.1090
128,-0.00001788,-0.6865,-0.0880,10,10,0.2396
129,-0.00005908,-0.7010,-0.0204,10,10,0.1415
130,-0.00000057,-0.5574,0.0011,10,10,0.1950
131,0.00003465,-0.5384,-0.0493,10,10,0.1492
132,0.00000975,-0.5380,0.0088,10,10,0.2481
133,-0.00005190,-0.5780,0.1042,10,10,0.2401
134,-0.00004285,-0.6236,0.0570,10,10,0.2829
135,-0.00003299,-0.7060,-0.0608,10,10,0.2779
136,-0.00005182,-0.7131,-0.0715,10,10,0.3118
137,-0.00000275,-0.5935,-0.0942,10,10,0.2182
138,-0.00001818,-0.6871,-0.0828,10,10,0.2131
139,-0.00004560,-0.6651,0.0053,10,10,0.2118
140,0.00000307,-0.6520,-0.0345,10,10,0.3500
141,0.00005001,-0.5388,-0.0131,10,10,0.1821
142,0.00000854,-0.4599,0.1119,10,10,0.4258
143,-0.00004397,-0.5996,0.1250,10,10,0.2534
144,-0.00001937,-0.5938,0.0376,10,10,0.2911
145,-0.00007065,-0.5091,0.1415,10,10,0.2503
146,-0.00006964,-0.4818,0.1613,10,10,0.2176
147,-0.00006169,-0.5584,0.0498,10,10,0.2799
148,0.00009215,-0.4306,-0.0545,10,10,0.3394
149,0.00001033,-0.5116,-0.0214,10,10,0.2992
150,0.00004953,-0.3283,0.0667,10,10,0.1896
151,0.00002520,-0.5197,-0.0235,10,10,0.2570
152,-0.00003078,-0.6383,-0.0364,10,10,0.1806
153,0.00002798,-0.5094,-0.0296,10,10,0.3332
154,-0.00001463,-0.6021,-0.0253,10,10,0.2106
155,-0.00000594,-0.5790,-0.0257,10,10,0.2874
156,0.00003059,-0.5811,-0.0423,10,10,0.1631
157,-0.00009642,-0.6847,0.0442,10,10,0.2802
158,-0.00014976,-0.7879,0.0407,10,10,0.3913
159,0.00002810,-0.6047,-0.0550,10,10,0.3562
160,-0.00009046,-0.5973,0.0334,10,10,0.5037
161,0.00000834,-0.5457,-0.0315,10,10,0.2449
162,0.00001700,-0.7158,-0.1559,10,10,0.2415
163,0.00011277,-0.6230,-0.1744,10,10,0.3541
164,0.00014042,-0.6747,-0.2482,10,10,0.2759
165,0.00009856,-0.6759,-0.1591,10,10,0.3049
166,0.00005862,-0.6634,-0.1080,10,10,0.2530
167,0.00003316,-0.6153,-0.0743,10,10,0.1492
168,0.00000671,-0.7684,-0.1154,10,10,0.3015
169,-0.00001792,-0.8328,-0.1140,10,10,0.2197
170,0.00004800,-0.8172,-0.2270,10,10,0.2281
171,0.00003670,-0.8986,-0.2903,10,10,0.2255
172,0.00011313,-0.8082,-0.2855,10,10,0.3658
173,0.00013456,-0.6648,-0.2512,10,10,0.2441
174,0.00000350,-0.7591,-0.0824,10,10,0.2180
175,-0.00003298,-0.8382,-0.0655,10,10,0.2550
176,0.00000426,-0.8484,-0.1424,10,10,0.3197
177,0.00000768,-0.8153,-0.1166,10,10,0.2380
178,-0.00003737,-0.7545,-0.0140,10,10,0.2202
179,0.00000082,-0.8238,-0.1229,10,10,0.1786
180,0.00007220,-0.7275,-0.1709,10,10,0.2040
181,0.00003716,-0.6833,-0.1746,10,10,0.1999
182,0.00008324,-0.5700,-0.1174,10,10,0.2674
183,-0.00003857,-0.6087,0.0532,10,10,0.2474
184,0.00001182,-0.6049,-0.0315,10,10,0.2566
185,0.00001607,-0.5932,-0.0230,10,10,0.2559
186,0.00004867,-0.6344,-0.0616,10,10,0.2167
187,0.00000029,-0.6191,0.0273,10,10,0.2011
188,0.00002655,-0.5861,0.0140,10,10,0.2068
189,0.00000748,-0.6044,0.0211,10,10,0.2031
190,-0.00001617,-0.6140,0.0480,10,10,0.3741
191,0.00000513,-0.5775,0.0254,10,10,0.1235
192,0.00005431,-0.4992,0.0130,10,10,0.2244
193,0.00006625,-0.4068,-0.0117,10,10,0.2778
194,0.00006565,-0.4736,-0.0773,10,10,0.2123
195,0.00008427,-0.4363,-0.0531,10,10,0.2283
196,0.00000911,-0.4904,0.0346,10,10,0.2580
197,-0.00006837,-0.6844,0.0874,10,10,0.1825
198,-0.00004598,-0.6560,0.0331,10,10,0.1739
199,-0.00000734,-0.6471,0.0278,10,10,0.2245
200,0.00003191,-0.7192,-0.0958,10,10,0.2154
201,0.00005204,-0.6932,-0.1427,10,10,0.2247
202,0.00004143,-0.7045,-0.1315,10,10,0.2314
203,0.00002081,-0.7064,-0.1358,10,10,0.1993
204,0.00004022,-0.5976,-0.0938,10,10,0.3249
205,0.00003028,-0.6568,-0.0936,10,10,0.3549
206,-0.00003877,-0.7446,-0.0473,10,10,0.2051
207,0.00007683,-0.6387,-0.1212,10,10,0.2473
208,0.00005647,-0.6565,-0.1214,10,10,0.2075
209,0.00002575,-0.7905,-0.2414,10,10,0.2637
210,0.00005236,-0.7581,-0.2346,10,10,0.2768
211,0.00001881,-0.7485,-0.1787,10,10,0.2202
212,-0.00003826,-0.7966,-0.1144,10,10,0.2140
213,-0.00001016,-0.6433,-0.0191,10,10,0.3304
214,0.00001659,-0.6634,-0.0706,10,10,0.1393
215,0.00001258,-0.6727,-0.0579,10,10,0.2411
216,-0.00001254,-0.6429,0.0150,10,10,0.1815
217,0.00003205,-0.6195,-0.0093,10,10,0.2016
218,-0.00001106,-0.6436,0.0556,10,10,0.2808
219,-0.00001487,-0.7898,-0.0314,10,10,0.3329
220,0.00003698,-0.6384,-0.0446,10,10,0.2942
221,-0.00004538,-0.6896,0.0102,10,10,0.3139
222,-0.00006246,-0.6521,0.0403,10,10,0.2825
223,0.00000890,-0.5974,-0.0550,10,10,0.2325
224,0.00004088,-0.5629,-0.0807,10,10,0.2632
225,0.00003509,-0.5656,-0.0370,10,10,0.2861
226,0.00004343,-0.5505,0.0213,10,10,0.2515
227,0.00006736,-0.5846,-0.0916,10,10,0.2455
228,-0.00000538,-0.6284,-0.0315,10,10,0.1766
229,0.00000958,-0.6139,-0.0618,10,10,0.2353
230,0.00002734,-0.5926,-0.1048,10,10,0.1625
231,0.00000508,-0.5368,0.0071,10,10,0.2349
232,0.00000319,-0.5314,-0.0381,10,10,0.2392
233,0.00000384,-0.5179,0.0157,10,10,0.2237
234,-0.00004662,-0.6284,0.0519,10,10,0.3814
235,0.00003588,-0.6226,-0.0543,10,10,0.3115
236,-0.00000676,-0.6763,-0.0198,10,10,0.2398
237,-0.00000231,-0.6164,-0.0595,10,10,0.2667
238,0.00005318,-0.6151,-0.1635,10,10,0.1711
239,0.00005817,-0.6105,-0.1912,10,10,0.1569
240,0.00001954,-0.5770,-0.0909,10,10,0.1986
241,0.00007413,-0.5552,-0.1572,10,10,0.1346
242,0.00005383,-0.6456,-0.1560,10,10,0.2211
243,0.00000585,-0.6030,-0.0520,10,10,0.1957
244,-0.00001430,-0.7730,-0.0608,10,10,0.2971
245,-0.00001867,-0.7714,-0.0610,10,10,0.1575
246,0.00004713,-0.7101,-0.1767,10,10,0.2286
247,0.00004395,-0.7658,-0.2300,10,10,0.1223
248,0.00004585,-0.7115,-0.2231,10,10,0.1762
249,0.00005645,-0.6350,-0.1831,10,10,0.1276
250,0.00003152,-0.6429,-0.1504,10,10,0.2393
251,0.00003383,-0.5692,-0.0711,10,10,0.2644
252,0.00001561,-0.4735,0.0313,10,10,0.2969
253,0.00002964,-0.4780,0.0486,10,10,0.2870
254,0.00000349,-0.5177,0.0406,10,10,0.1874
255,0.00003472,-0.6024,-0.1089,10,10,0.2048
256,0.00004363,-0.7776,-0.2487,10,10,0.2424
257,-0.00000664,-0.8379,-0.2173,10,10,0.1815
258,0.00001168,-0.7095,-0.1654,10,10,0.1921
259,0.00000479,-0.6727,-0.0769,10,10,0.2336
260,0.00003238,-0.5766,-0.0179,10,10,0.2191
261,0.00005395,-0.6670,-0.0524,10,10,0.2134
262,-0.00000941,-0.5967,0.0508,10,10,0.1362
263,-0.00002315,-0.6590,-0.0143,10,10,0.1963
264,-0.00000417,-0.6133,0.0133,10,10,0.1359
265,-0.00003227,-0.7224,-0.0577,10,10,0.1503
266,0.00002375,-0.7415,-0.1463,10,10,0.1393
267,-0.00000892,-0.7617,-0.1099,10,10,0.1856
268,-0.00001662,-0.6594,-0.0006,10,10,0.2716
269,-0.00002341,-0.8110,-0.0407,10,10,0.3063
270,0.00001203,-0.6725,0.0382,10,10,0.2652
271,0.00005030,-0.6642,-0.0728,10,10,0.2189
272,0.00004092,-0.5100,0.0224,10,10,0.2596
273,0.00006184,-0.4363,0.1361,9,10,0.2149
274,0.00002328,-0.6094,0.0009,10,10,0.2350
275,0.00002979,-0.7037,-0.1040,10,10,0.1438
276,-0.00002871,-0.7385,0.0170,10,10,0.2097
277,-0.00002109,-0.8208,-0.0033,10,10,0.2678
278,-0.00002741,-0.8387,-0.0131,10,10,0.2442
279,0.00003384,-0.8104,-0.1227,10,10,0.1659
280,0.00005265,-0.7525,-0.1591,10,10,0.1982
281,0.00004559,-0.7217,-0.0735,10,10,0.2306
282,0.00006453,-0.7061,-0.1500,10,10,0.1939
283,0.00002098,-0.7769,-0.1239,10,10,0.2279
284,-0.00000752,-0.7571,-0.0700,10,10,0.2091
285,-0.00000335,-0.7091,-0.0323,10,10,0.1778
286,-0.00002955,-0.7010,0.0406,10,10,0.2028
287,0.00005382,-0.5791,-0.0188,10,10,0.1694
288,0.00003780,-0.7130,-0.0999,10,10,0.2459
289,-0.00000486,-0.7138,-0.0095,10,10,0.2782
290,0.00000218,-0.6882,-0.0667,10,10,0.1544
291,-0.00002446,-0.6277,0.0617,10,10,0.2365
292,0.00005505,-0.5999,-0.0612,10,10,0.2650
293,0.00006912,-0.6714,-0.1177,10,10,0.2543
294,0.00004037,-0.6816,-0.1222,10,10,0.1680
295,0.00005374,-0.5880,-0.0744,10,10,0.2499
296,0.00005313,-0.5977,-0.0317,10,10,0.2201
297,0.00004080,-0.5737,-0.0426,10,10,0.1912
298,0.00001014,-0.6615,-0.0260,10,10,0.1626
299,0.00007238,-0.6205,-0.1139,10,10,0.2060
300,0.00000641,-0.6687,-0.0755,10,10,0.2119
301,0.00000533,-0.7083,-0.0755,10,10,0.1980
302,0.00003418,-0.6709,-0.0762,10,10,0.2329
303,0.00004734,-0.6178,-0.0791,10,10,0.2264
304,0.00001588,-0.5582,0.0829,10,10,0.2426
305,0.00003482,-0.4758,0.0568,10,10,0.1668
306,0.00002825,-0.5261,0.0247,10,10,0.2404
307,0.00008135,-0.5239,-0.0638,10,10,0.2455
308,0.00008434,-0.5977,-0.1318,10,10,0.2072
309,0.00001857,-0.7338,-0.1100,10,10,0.2325
310,0.00003440,-0.7028,-0.1409,10,10,0.2240
311,-0.00002730,-0.7871,-0.0708,10,10,0.3395
312,0.00004314,-0.7481,-0.1237,10,10,0.3227
313,-0.00000555,-0.7028,-0.0032,10,10,0.2447
314,0.00002266,-0.6178,-0.0507,10,10,0.2183
315,0.00003268,-0.6614,-0.1072,10,10,0.1943
316,0.00001263,-0.5892,-0.0606,10,10,0.2074
317,0.00007022,-0.6729,-0.1901,10,10,0.1805
318,0.00004042,-0.6773,-0.1268,10,10,0.1986
319,-0.00003504,-0.7893,-0.0650,10,10,0.2126
320,0.00001534,-0.7636,-0.1541,10,10,0.1906
321,-0.00002787,-0.7454,-0.0507,10,10,0.2386
322,0.00002020,-0.6508,-0.0333,10,10,0.2075
323,0.00002323,-0.5953,-0.0287,10,10,0.2148
324,0.00004583,-0.5532,-0.0457,10,10,0.0974
325,-0.00000572,-0.6404,-0.0702,10,10,0.2563
326,0.00007649,-0.6097,-0.2260,10,10,0.2534
327,0.00003746,-0.5871,-0.1280,10,10,0.2782
328,0.00002837,-0.6293,-0.1242,10,10,0.2331
329,-0.00000428,-0.6905,-0.1433,10,10,0.1481
330,0.00001447,-0.6503,-0.1214,10,10,0.1255
331,0.00001644,-0.6032,-0.0668,10,10,0.3329
332,-0.00001363,-0.7051,-0.0434,10,10,0.2323
333,0.00006797,-0.6022,-0.0819,10,10,0.2028
334,0.00003232,-0.6173,-0.0380,10,10,0.2429
335,0.00004805,-0.6668,-0.1047,10,10,0.2298
336,0.00003784,-0.7033,-0.1429,10,10,0.3483
337,0.00004943,-0.6896,-0.1665,10,10,0.1534
338,-0.00003945,-0.6899,-0.0312,10,10,0.1992
339,-0.00006496,-0.7017,0.0497,10,10,0.3543
340,-0.00004042,-0.6236,0.0895,10,10,0.1567
341,-0.00000081,-0.5693,0.0611,10,10,0.2300
342,0.00000954,-0.7047,-0.0039,10,10,0.1533
343,0.00000925,-0.6322,-0.0179,10,10,0.2440
344,0.00003296,-0.7525,-0.0745,10,10,0.2005
345,-0.00000956,-0.7417,-0.0644,10,10,0.1451
346,0.00002405,-0.7178,-0.1548,10,10,0.1826
347,0.00003432,-0.7535,-0.1798,10,10,0.2695
348,0.00006611,-0.6312,-0.1672,10,10,0.3194
349,-0.00001425,-0.6984,-0.0394,10,10,0.1846
350,0.00002067,-0.5228,0.0069,10,10,0.2145
351,0.00001835,-0.5551,-0.0089,10,10,0.1976
352,0.00000859,-0.6691,-0.0478,10,10,0.2516
353,0.00003893,-0.6867,-0.1025,10,10,0.2806
354,0.00000194,-0.6948,-0.0222,10,10,0.2407
355,-0.00002225,-0.7193,-0.0540,10,10,0.1993
356,0.00001945,-0.7194,-0.1380,10,10,0.3270
357,-0.00001958,-0.7340,-0.0597,10,10,0.2853
358,-0.00001811,-0.6178,-0.0253,10,10,0.1608
359,0.00001979,-0.5355,0.0482,10,10,0.1963
360,0.00000786,-0.5918,-0.0109,10,10,0.1710
361,0.00001475,-0.6252,-0.0444,10,10,0.1621
362,0.00000192,-0.5832,-0.0320,10,10,0.2014
363,0.00002321,-0.4904,0.0441,10,10,0.2172
364,0.00002321,-0.5742,0.0250,10,10,0.2842
365,0.00004902,-0.5084,-0.0118,10,10,0.2030
366,0.00003352,-0.6401,-0.0791,10,10,0.2281
367,0.00008884,-0.6142,-0.1079,10,10,0.2928
368,0.00009809,-0.5770,-0.1294,10,10,0.2933
369,0.00010899,-0.4901,-0.1314,10,10,0.2504
370,0.00006823,-0.4948,-0.0271,10,10,0.2737
371,0.00003838,-0.5112,0.0121,10,10,0.2024
372,0.00002947,-0.5632,0.0500,10,10,0.2422
373,0.00002053,-0.4921,0.0941,10,10,0.2508
374,-0.00002463,-0.6428,0.0672,10,10,0.2847
375,-0.00001072,-0.6263,0.0384,10,10,0.1766
376,-0.00000530,-0.6313,-0.0203,10,10,0.2331
377,0.00000989,-0.6061,-0.0388,10,10,0.1949
378,0.00001991,-0.5820,-0.0902,10,10,0.2604
379,0.00000423,-0.5056,-0.0038,10,10,0.2590
380,-0.00002248,-0.4959,0.0705,10,10,0.2255
381,0.00001730,-0.4767,0.0286,10,10,0.2730
382,-0.00002626,-0.5948,0.0195,10,10,0.2160
383,-0.00002521,-0.6398,-0.0025,10,10,0.2273
384,-0.00003524,-0.6188,0.0312,10,10,0.2193
385,0.00004719,-0.5803,-0.1103,10,10,0.2083
386,0.00004589,-0.5164,-0.0286,10,10,0.2372
387,0.00011112,-0.4623,-0.0702,10,10,0.1699
388,0.00013309,-0.3964,-0.1340,10,10,0.3233
389,0.00009166,-0.4640,-0.1345,10,10,0.2054
390,0.00004055,-0.4892,-0.0704,10,10,0.2115
391,0.00006715,-0.6160,-0.1793,10,10,0.1688
392,0.00004355,-0.6100,-0.0939,10,10,0.2367
393,0.00001087,-0.6202,-0.0018,10,10,0.2374
394,0.00000436,-0.5876,0.0839,10,10,0.2156
395,0.00000341,-0.5646,0.0576,10,10,0.2514
396,0.00005248,-0.4941,0.0104,10,10,0.2228
397,0.00002356,-0.4873,0.0543,10,10,0.1733
398,-0.00002241,-0.4237,0.2056,10,10,0.3075
399,-0.00001048,-0.3840,0.1991,10,10,0.2061
400,0.00001925,-0.4146,0.1472,10,10,0.2760
401,0.00002621,-0.4918,0.1065,10,10,0.2565
402,0.00001135,-0.5833,0.0448,10,10,0.2736
403,0.00000790,-0.6720,0.0212,10,10,0.2274
404,0.00002312,-0.5533,0.0540,10,10,0.2769
405,0.00004158,-0.4347,0.0439,10,10,0.2814
406,0.00002576,-0.4457,0.0388,10,10,0.1520
407,0.00004875,-0.3710,0.0816,10,10,0.2643
408,0.00001083,-0.4124,0.0979,10,10,0.1884
409,0.00001251,-0.4765,0.0435,10,10,0.1807
410,0.00002013,-0.4771,0.0527,10,10,0.2823
411,0.00002580,-0.5116,0.0119,10,10,0.2563
412,0.00000818,-0.5769,0.0322,10,10,0.2171
413,-0.00001902,-0.6426,0.0454,10,10,0.2068
414,0.00001962,-0.6130,0.0144,10,10,0.2666
415,0.00001930,-0.4952,0.1350,10,10,0.2356
416,-0.00000261,-0.4326,0.1642,10,10,0.2185
417,-0.00001552,-0.4565,0.1376,10,10,0.2914
418,0.00000183,-0.5748,0.0668,10,10,0.2422
419,-0.00002463,-0.5946,0.0736,10,10,0.2487
420,0.00000755,-0.5830,-0.0019,10,10,0.2568
421,0.00000909,-0.5824,-0.0282,10,10,0.2124
422,0.00000780,-0.5287,0.0338,10,10,0.2186
423,0.00003106,-0.5191,0.0096,10,10,0.3228
424,0.00003081,-0.5097,0.0139,10,10,0.2635
425,0.00001973,-0.5936,0.0112,10,10,0.2572
426,0.00003694,-0.5559,0.0404,10,10,0.3346
427,0.00002716,-0.6072,-0.0525,10,10,0.1881
428,-0.00001486,-0.6433,0.0011,10,10,0.2198
429,0.00000335,-0.5820,-0.0178,10,10,0.2509
430,-0.00003996,-0.6129,0.1478,10,10,0.3405
431,-0.00000818,-0.6097,0.0734,10,10,0.2177
432,0.00002078,-0.5470,0.1000,10,10,0.2095
433,0.00001803,-0.5107,0.0849,10,10,0.1827
434,0.00001877,-0.5725,0.0785,10,10,0.3567
435,0.00000942,-0.5383,0.0886,10,10,0.1921
436,0.00000962,-0.4540,0.1858,10,10,0.2154
437,0.00000244,-0.4588,0.1467,10,10,0.2939
438,0.00004435,-0.4904,0.0328,10,10,0.2511
439,0.00007813,-0.4092,-0.0067,10,10,0.2899
440,0.00004042,-0.3768,0.0698,10,10,0.3083
441,0.00002913,-0.3530,0.0997,10,10,0.2643
442,-0.00003036,-0.4444,0.1777,10,10,0.3762
443,0.00002903,-0.4073,0.1051,10,10,0.3502
444,0.00003407,-0.4687,0.0449,10,10,0.2451
445,0.00002828,-0.4396,0.0931,10,10,0.2924
446,0.00001568,-0.5438,0.0661,10,10,0.2451
447,0.00000476,-0.5095,0.0819,10,10,0.2020
448,-0.00002689,-0.4962,0.1265,10,10,0.2283
449,0.00001736,-0.4053,0.0981,10,10,0.1651
450,0.00000294,-0.4645,0.1125,10,10,0.2721
451,0.00004630,-0.3735,0.0623,10,10,0.1800
452,0.00007592,-0.3561,0.0908,10,10,0.2781
453,0.00005346,-0.3719,0.1053,10,10,0.2951
454,0.00006772,-0.3793,0.0692,10,10,0.2549
455,0.00006486,-0.3834,0.0721,10,10,0.1856
456,0.00000162,-0.4433,0.1071,10,10,0.2429
457,0.00000213,-0.4384,0.1322,10,10,0.1754
458,-0.00000911,-0.5070,0.0543,10,10,0.2386
459,0.00005100,-0.4003,-0.0072,10,10,0.1727
460,0.00002527,-0.4054,0.1400,10,10,0.3003
461,0.00001815,-0.4662,0.1486,10,10,0.2876
462,0.00004992,-0.4454,0.0522,10,10,0.2776
463,0.00003718,-0.4358,0.0944,10,10,0.2397
464,-0.00001011,-0.4833,0.1263,10,10,0.3623
465,0.00001812,-0.4557,0.1102,10,10,0.2309
466,0.00000310,-0.5888,0.0523,10,10,0.2806
467,0.00000582,-0.4598,0.0892,10,10,0.0975
468,0.00001150,-0.4425,0.0989,10,10,0.2313
469,0.00003516,-0.3349,0.1298,10,10,0.1443
470,0.00003305,-0.3638,0.1473,10,10,0.2963
471,0.00002522,-0.3567,0.1607,10,10,0.2179
472,-0.00001893,-0.3484,0.2216,10,10,0.2324
473,-0.00000180,-0.4557,0.1631,10,10,0.2464
474,-0.00000409,-0.4814,0.1308,10,10,0.2161
475,0.00003213,-0.4886,0.0844,10,10,0.2706
476,-0.00003276,-0.5484,0.1443,10,10,0.2140
477,-0.00007577,-0.6553,0.2075,10,10,0.3410
478,-0.00001680,-0.5767,0.0979,10,10,0.2069
479,0.00003326,-0.3887,0.1600,10,10,0.3717
480,0.00004182,-0.3630,0.1444,10,10,0.3634
481,-0.00000863,-0.4219,0.0472,10,10,0.2468
482,-0.00001992,-0.4866,0.0994,10,10,0.2768
483,-0.00004922,-0.5384,0.1438,10,10,0.1863
484,-0.00003879,-0.5495,0.1209,10,10,0.1907
485,-0.00002767,-0.5115,0.1259,10,10,0.2460
486,0.00007175,-0.4464,0.0267,10,10,0.2785
487,0.00010587,-0.3345,0.0499,10,10,0.1901
488,0.00010130,-0.2828,0.0987,10,10,0.3001
489,0.00005653,-0.4241,0.0564,10,10,0.2674
490,0.00003372,-0.3914,0.1031,10,10,0.2358
491,0.00000957,-0.4517,0.0639,10,10,0.2501
492,0.00000162,-0.4353,0.0887,10,10,0.1614
493,-0.00001493,-0.4925,0.1050,10,10,0.2653
494,-0.00001187,-0.4872,0.0958,10,10,0.1487
495,0.00004681,-0.4691,0.0902,10,10,0.2610
496,0.00006422,-0.5074,0.0274,10,10,0.1942
497,0.00004891,-0.5256,0.1422,10,10,0.3302
498,0.00002538,-0.5096,0.1672,10,10,0.2231
499,0.00005123,-0.5005,0.0471,10,10,0.2474
500,0.00004482,-0.4876,0.0036,10,10,0.2735
501,0.00003884,-0.5012,-0.0361,10,10,0.2986
502,0.00002427,-0.4715,0.0230,10,10,0.2169
503,0.00004682,-0.4136,0.0622,10,10,0.1849
504,0.00002642,-0.3819,0.1125,10,10,0.2333
505,0.00010551,-0.2579,0.1529,10,10,0.2384
506,0.00004691,-0.3343,0.1950,10,10,0.2184
507,-0.00000080,-0.4641,0.1714,10,10,0.2123
508,0.00000427,-0.5306,0.0621,10,10,0.1916
509,0.00006184,-0.4427,0.0177,10,10,0.2691
510,-0.00001527,-0.5114,0.0969,10,10,0.2550
511,-0.00000992,-0.4330,0.0965,10,10,0.1436
512,-0.00001870,-0.4492,0.1452,10,10,0.2871
513,0.00002272,-0.4065,0.1162,10,10,0.2879
514,0.00006056,-0.3522,0.1538,10,10,0.2190
515,0.00005226,-0.4579,0.1361,10,10,0.2609
516,-0.00000976,-0.5064,0.1734,10,10,0.2043
517,0.00001619,-0.4957,0.0939,10,10,0.3333
518,0.00008593,-0.3777,0.1020,10,10,0.2088
519,0.00009163,-0.4031,0.0119,10,10,0.3297
520,0.00015651,-0.3695,-0.0460,10,10,0.2846
521,0.00014181,-0.4267,-0.0602,10,10,0.3860
522,0.00012958,-0.2989,0.0199,10,10,0.2213
523,0.00009211,-0.3127,0.0618,10,10,0.1784
524,0.00004541,-0.2657,0.1665,10,10,0.3198
525,0.00001559,-0.3474,0.1442,10,10,0.2187
526,0.00006553,-0.3301,0.1344,10,10,0.2317
527,0.00005011,-0.3488,0.1332,10,10,0.2063
528,0.00009388,-0.4122,0.0434,10,10,0.1949
529,0.00006521,-0.4540,0.1123,10,10,0.3037
530,0.00006840,-0.4095,0.1300,10,10,0.2417
531,0.00003708,-0.4191,0.1726,10,10,0.2659
532,0.00003224,-0.4022,0.1170,10,10,0.2348
533,0.00002790,-0.3872,0.1143,10,10,0.2783
534,0.00004764,-0.3649,0.1272,10,10,0.2793
535,0.00002589,-0.3386,0.1592,10,10,0.2290
536,-0.00000266,-0.3761,0.2090,10,10,0.2260
537,0.00002865,-0.3342,0.1858,10,10,0.2567
538,0.00002286,-0.4295,0.1524,10,10,0.2052
539,0.00000732,-0.5783,0.0563,10,10,0.2986
540,-0.00004902,-0.5686,0.1601,10,10,0.2593
541,-0.00000182,-0.5067,0.1219,10,10,0.2047
542,0.00000772,-0.5133,0.1080,10,10,0.3357
543,0.00001859,-0.3787,0.1581,10,10,0.2642
544,0.00002267,-0.3243,0.2179,10,10,0.2276
545,0.00001899,-0.3725,0.0949,10,10,0.3766
546,-0.00000714,-0.4716,0.1157,10,10,0.3891
547,-0.00002221,-0.4775,0.1273,10,10,0.4047
548,-0.00000444,-0.4258,0.1836,10,10,0.2594
549,-0.00004900,-0.5597,0.2186,10,10,0.2569
550,-0.00006559,-0.6082,0.1910,10,10,0.3031
551,-0.00005145,-0.5378,0.2359,10,10,0.1937
552,0.00000922,-0.4955,0.1827,10,10,0.2714
553,-0.00000369,-0.4215,0.1865,10,10,0.1950
554,-0.00003436,-0.5394,0.1005,10,10,0.3271
555,-0.00003342,-0.5385,0.0814,10,10,0.1930
556,0.00006312,-0.3651,0.0683,10,10,0.3480
557,0.00004703,-0.3835,0.0749,10,10,0.2106
558,0.00005444,-0.4100,0.1282,10,10,0.2222
559,-0.00002650,-0.4192,0.2472,10,10,0.1961
560,0.00001169,-0.3693,0.2745,10,10,0.1788
561,0.00001746,-0.4010,0.1499,10,10,0.2593
562,0.00004628,-0.4218,0.1073,10,10,0.3289
563,0.00007163,-0.4204,0.0309,10,10,0.1222
564,0.00002248,-0.4556,0.0470,10,10,0.3016
565,0.00009558,-0.4798,-0.1226,10,10,0.2214
566,0.00003001,-0.4443,0.0467,10,10,0.2788
567,-0.00013725,-0.5081,0.3714,10,10,0.3446
568,-0.00001929,-0.3727,0.2629,10,10,0.2609
569,-0.00004982,-0.3218,0.3921,10,10,0.4263
570,-0.00003273,-0.3445,0.3355,10,10,0.1279
571,-0.00001781,-0.3779,0.2579,10,10,0.1935
572,-0.00003023,-0.4714,0.1718,10,10,0.2578
573,0.00012486,-0.4265,-0.0732,10,10,0.2283
574,0.00002596,-0.6065,-0.0462,10,10,0.2513
575,0.00002027,-0.5418,0.0431,10,10,0.1931
576,0.00001729,-0.5293,0.0991,10,10,0.2205
577,0.00004448,-0.4830,0.0805,10,10,0.2864
578,0.00009105,-0.3764,0.0897,10,10,0.2253
579,0.00007765,-0.3323,0.1268,10,10,0.3143
580,0.00011253,-0.2588,0.1557,10,10,0.2767
581,0.00017135,-0.2812,0.0601,10,10,0.3249
582,0.00014184,-0.2707,0.0561,10,10,0.2220
583,0.00006936,-0.4416,0.0380,10,10,0.2185
584,0.00008789,-0.4461,0.0120,10,10,0.2235
585,-0.00001860,-0.5417,0.0594,10,10,0.2882
586,0.00009314,-0.4523,-0.0536,10,10,0.3878
587,0.00011913,-0.3936,-0.0264,10,10,0.3087
588,0.00030573,-0.1762,-0.1684,10,10,0.3298
589,0.00028182,-0.1907,-0.1071,10,10,0.3654
590,0.00021264,-0.3141,-0.0678,10,10,0.1820
591,0.00005127,-0.4645,0.0317,10,10,0.2355
592,0.00010270,-0.3730,0.0201,10,10,0.2217
593,0.00016059,-0.3454,-0.0429,10,10,0.2137
594,0.00008666,-0.4064,0.0647,10,10,0.2691
595,0.00004104,-0.4608,0.1056,10,10,0.3014
596,0.00010478,-0.4202,0.0328,10,10,0.2842
597,0.00012979,-0.3712,-0.0230,10,10,0.2392
598,0.00013800,-0.4254,-0.1464,10,10,0.3774
599,0.00020672,-0.3412,-0.2102,10,10,0.1670
600,0.00008174,-0.4987,-0.0648,10,10,0.2638
601,0.00004644,-0.4971,0.0524,10,10,0.2832
602,-0.00002731,-0.5729,0.1331,10,10,0.2661
603,-0.00017809,-0.6075,0.4034,10,10,0.3921
604,-0.00016285,-0.5960,0.3640,10,10,0.2199
605,-0.00008149,-0.5943,0.2101,10,10,0.2528
606,0.00003709,-0.4416,0.0836,10,10,0.1900
607,-0.00000625,-0.4695,0.1494,10,10,0.1382
608,0.00004082,-0.4727,0.0322,10,10,0.2387
609,0.00007162,-0.4996,-0.0482,10,10,0.2642
610,0.00008121,-0.4612,0.0016,10,10,0.2077
611,-0.00001014,-0.6007,0.0004,10,10,0.2984
612,-0.00004248,-0.5828,0.1573,10,10,0.1829
613,-0.00006873,-0.5320,0.2151,10,10,0.2703
614,0.00008005,-0.3598,0.0659,10,10,0.4226
615,0.00005710,-0.4407,0.0696,10,10,0.2050
616,-0.00000129,-0.5565,0.0889,10,10,0.3297
617,0.00005621,-0.5359,-0.0551,10,10,0.2099
618,-0.00011674,-0.7235,0.0303,10,10,0.4236
619,0.00002512,-0.5634,-0.0456,10,10,0.1851
620,-0.00002460,-0.6454,-0.0337,10,10,0.2733
621,-0.00008591,-0.6825,0.0396,10,10,0.2607
622,0.00005486,-0.5182,-0.0268,10,10,0.3082
623,-0.00007112,-0.6159,0.0637,10,10,0.5296
624,0.00001779,-0.5579,-0.0100,10,10,0.3343
625,-0.00001167,-0.5816,-0.0351,10,10,0.3079
626,0.00013283,-0.4692,-0.0424,10,10,0.4793
627,0.00013359,-0.5248,-0.1257,10,10,0.3887
628,0.00004202,-0.5868,-0.0362,10,10,0.2790
629,0.00010289,-0.5289,-0.1171,10,10,0.2541
630,0.00021577,-0.4153,-0.1707,10,10,0.2808
631,0.00013637,-0.5482,-0.1644,10,10,0.2601
632,0.00009430,-0.6606,-0.1563,10,10,0.2627
633,0.00004580,-0.6127,-0.0858,10,10,0.1983
634,0.00000625,-0.6876,-0.1022,10,10,0.1548
635,0.00007432,-0.6394,-0.1338,10,10,0.2228
636,0.00009794,-0.6340,-0.1844,10,10,0.2391
637,0.00007320,-0.5654,-0.0937,10,10,0.2289
638,0.00011513,-0.5476,-0.1287,10,10,0.2992
639,0.00010554,-0.5256,-0.0938,10,10,0.2253
640,0.00005029,-0.5051,-0.0561,10,10,0.2466
641,-0.00012099,-0.7599,0.0244,10,10,0.3883
642,0.00006486,-0.5890,-0.1068,10,10,0.2284
643,-0.00000350,-0.6789,-0.1073,10,10,0.2100
644,0.00001250,-0.6901,-0.1378,10,10,0.1275
645,0.00009362,-0.6241,-0.1742,10,10,0.2495
646,0.00008120,-0.6132,-0.1378,10,10,0.2458
647,0.00003457,-0.6274,-0.1093,10,10,0.2104
648,-0.00000578,-0.5961,-0.0632,10,10,0.2565
649,-0.00007499,-0.7150,-0.0819,10,10,0.1747
650,-0.00006934,-0.7371,-0.1238,10,10,0.2688
651,0.00000912,-0.6708,-0.1520,10,10,0.2556
652,-0.00001437,-0.7477,-0.1657,10,10,0.2541
653,0.00003925,-0.7480,-0.2030,10,10,0.2220
654,0.00012576,-0.6022,-0.1854,10,10,0.1627
655,0.00006568,-0.6710,-0.1867,10,10,0.1933
656,-0.00000972,-0.7499,-0.1392,10,10,0.2384
657,0.00002610,-0.7233,-0.1562,10,10,0.2571
658,-0.00004659,-0.8329,-0.1207,10,10,0.2446
659,-0.00003330,-0.8268,-0.1584,10,10,0.2222
660,-0.00010809,-0.8298,-0.0215,10,10,0.3797
661,-0.00001716,-0.8079,-0.1147,10,10,0.2890
662,0.00001454,-0.7401,-0.1275,10,10,0.2073
663,0.00007355,-0.6273,-0.0952,10,10,0.2201
664,0.00007692,-0.6044,-0.0883,10,10,0.3141
665,0.00004901,-0.6765,-0.0911,10,10,0.2267
666,0.00004294,-0.7282,-0.0866,10,10,0.3549
667,-0.00001112,-0.7426,-0.0788,10,10,0.3118
668,0.00006429,-0.6853,-0.1510,10,10,0.2797
669,0.00004773,-0.6800,-0.1942,10,10,0.2205
670,0.00009891,-0.6791,-0.2051,10,10,0.2292
671,0.00007345,-0.6064,-0.1778,10,10,0.3070
672,-0.00003333,-0.6016,-0.0715,10,10,0.3019
673,-0.00000445,-0.6506,-0.1412,10,10,0.2032
674,0.00007237,-0.6142,-0.1904,10,10,0.2516
675,-0.00005948,-0.7928,-0.1117,10,10,0.2663
676,-0.00004631,-0.8219,-0.1528,10,10,0.2304
677,-0.00004645,-0.7818,-0.1021,10,10,0.2826
678,-0.00002161,-0.8073,-0.1425,10,10,0.3215
679,0.00002935,-0.7466,-0.1572,10,10,0.2137
680,0.00002324,-0.6009,-0.0619,10,10,0.2379
681,-0.00006483,-0.6456,0.0107,10,10,0.1476
682,-0.00000859,-0.6040,-0.0596,10,10,0.1337
683,-0.00001919,-0.6171,-0.0483,10,10,0.2123
684,0.00001771,-0.5713,-0.0528,10,10,0.2426
685,-0.00000938,-0.6142,-0.0423,10,10,0.2152
686,-0.00002159,-0.7421,-0.0655,10,10,0.1789
687,-0.00000112,-0.8272,-0.1259,10,10,0.2466
688,0.00004035,-0.8179,-0.2371,10,10,0.2646
689,-0.00009051,-0.8881,-0.2048,10,10,0.3054
690,-0.00014488,-0.8616,-0.0846,10,10,0.3837
691,-0.00006197,-0.7475,-0.1215,10,10,0.1745
692,-0.00007770,-0.7702,-0.0917,10,10,0.2337
693,-0.00012170,-0.8442,-0.0948,10,10,0.2906
694,-0.00010041,-0.8328,-0.0357,10,10,0.3139
695,0.00002689,-0.7404,-0.1074,10,10,0.3398
696,-0.00008822,-0.8585,-0.0375,10,10,0.3460
697,-0.00005422,-0.7168,0.0205,10,10,0.2833
698,0.00003135,-0.6741,-0.0950,10,10,0.1584
699,-0.00001857,-0.7621,-0.1205,10,10,0.2726
700,-0.00003804,-0.7712,-0.1524,10,10,0.1661
701,0.00007528,-0.6240,-0.1640,10,10,0.3079
702,-0.00006021,-0.6765,0.0042,10,10,0.2707
703,-0.00005782,-0.6838,0.0174,10,10,0.2767
704,-0.00006724,-0.7287,0.0035,10,10,0.2646
705,-0.00006093,-0.7120,-0.0318,10,10,0.2117
706,0.00010985,-0.4900,-0.1493,10,10,0.3565
707,0.00001102,-0.6456,-0.1138,10,10,0.2151
708,-0.00010758,-0.7469,-0.0949,10,10,0.4322
709,-0.00002607,-0.7824,-0.1906,10,10,0.2759
710,0.00002516,-0.5573,-0.0639,10,10,0.3034
711,-0.00012291,-0.6789,0.0507,10,10,0.3682
712,-0.00013550,-0.7949,-0.0040,10,10,0.3122
713,0.00009251,-0.6157,-0.1934,10,10,0.3012
714,0.00009734,-0.6394,-0.2290,10,10,0.2413
715,0.00008202,-0.6447,-0.2129,10,10,0.2074
716,0.00022514,-0.5099,-0.2593,10,10,0.3265
717,0.00015662,-0.6469,-0.2496,10,10,0.2084
718,0.00021399,-0.4944,-0.2351,10,10,0.3119
719,0.00014034,-0.5710,-0.1663,10,10,0.2717
720,0.00002783,-0.6963,-0.1860,10,10,0.2462
721,-0.00000678,-0.7314,-0.1768,10,10,0.1890
722,-0.00000121,-0.8565,-0.1988,10,10,0.2463
723,-0.00000985,-0.8839,-0.2253,10,10,0.2183
724,-0.00004659,-0.8255,-0.1123,10,10,0.2066
725,0.00002389,-0.7821,-0.1744,10,10,0.1982
726,0.00004375,-0.7541,-0.1763,10,10,0.1804
727,0.00002987,-0.7169,-0.1330,10,10,0.2037
728,0.00000268,-0.6748,-0.0907,10,10,0.2155
729,-0.00001567,-0.7455,-0.0942,10,10,0.2568
730,-0.00002047,-0.6840,-0.0656,10,10,0.1863
731,0.00000762,-0.7115,-0.1526,10,10,0.2440
732,-0.00000830,-0.7806,-0.1180,10,10,0.2558
733,0.00005128,-0.6943,-0.1641,10,10,0.2635
734,0.00006454,-0.6681,-0.1540,10,10,0.2599
735,0.00005627,-0.6077,-0.0968,10,10,0.3385
736,-0.00001209,-0.6915,-0.0472,10,10,0.2871
737,0.00001233,-0.6348,-0.0724,10,10,0.2567
738,0.00001355,-0.6731,-0.0694,10,10,0.2435
739,0.00001785,-0.6989,-0.1137,10,10,0.2327
740,0.00005691,-0.6623,-0.1581,10,10,0.2402
741,-0.00001143,-0.6787,-0.0339,10,10,0.4067
742,-0.00001432,-0.6317,-0.0549,10,10,0.3166
743,0.00000396,-0.7315,-0.1513,10,10,0.1718
744,-0.00001893,-0.7618,-0.1562,10,10,0.2146
745,-0.00001408,-0.6987,-0.1068,10,10,0.1771
746,0.00003945,-0.5795,-0.0671,10,10,0.2980
747,0.00000821,-0.6683,-0.0485,10,10,0.1986
748,0.00003708,-0.7492,-0.1825,10,10,0.2248
749,0.00008031,-0.6583,-0.1814,10,10,0.2174
750,0.00008478,-0.6349,-0.1888,10,10,0.2139
751,0.00000370,-0.6404,-0.1282,10,10,0.1644
752,0.00000599,-0.7036,-0.1854,10,10,0.3244
753,0.00004378,-0.7131,-0.2315,10,10,0.2484
754,0.00003212,-0.8133,-0.2636,10,10,0.3172
755,0.00005805,-0.7436,-0.2226,10,10,0.1502
756,0.00003127,-0.7653,-0.1747,10,10,0.2578
757,0.00001889,-0.7876,-0.1633,10,10,0.2161
758,0.00002394,-0.7255,-0.1041,10,10,0.2785
759,0.00013285,-0.6423,-0.2123,10,10,0.1612
760,0.00006614,-0.6562,-0.1225,10,10,0.1905
761,0.00005309,-0.6611,-0.1430,10,10,0.2319
762,0.00002127,-0.6558,-0.1121,10,10,0.1960
763,0.00005452,-0.6362,-0.1670,10,10,0.2582
764,0.00004666,-0.6960,-0.1782,10,10,0.1866
765,0.00001521,-0.7182,-0.1489,10,10,0.2729
766,0.00002458,-0.6775,-0.1285,10,10,0.1723
767,0.00004206,-0.6841,-0.1607,10,10,0.2633
768,0.00002447,-0.6837,-0.1026,10,10,0.2963
769,0.00004544,-0.5928,-0.0677,10,10,0.2736
770,0.00009418,-0.5753,-0.1379,10,10,0.1372
771,0.00008388,-0.5486,-0.1504,10,10,0.2202
772,0.00005107,-0.5751,-0.0913,10,10,0.2008
773,0.00002268,-0.6303,-0.0812,10,10,0.3015
774,-0.00001570,-0.6804,-0.1002,10,10,0.2887
775,-0.00002950,-0.7173,-0.1080,10,10,0.1363
776,-0.00003041,-0.7756,-0.1168,10,10,0.2102
777,0.00001019,-0.6853,-0.1516,10,10,0.1922
778,0.00005177,-0.6225,-0.1076,10,10,0.1402
779,0.00000937,-0.6546,-0.0686,10,10,0.2604
780,0.00000759,-0.6508,-0.0937,10,10,0.1455
781,0.00002785,-0.6622,-0.1160,10,10,0.1982
782,0.00002847,-0.6286,-0.1278,10,10,0.2515
783,0.00002153,-0.6753,-0.1641,10,10,0.2730
784,0.00000162,-0.6904,-0.1565,10,10,0.2336
785,0.00001123,-0.7255,-0.1923,10,10,0.1955
786,0.00000425,-0.7149,-0.1610,10,10,0.2086
787,0.00005504,-0.6158,-0.1805,10,10,0.1379
788,0.00001808,-0.6545,-0.1475,10,10,0.2024
789,0.00003693,-0.6518,-0.1631,10,10,0.2935
790,0.00006489,-0.6625,-0.2041,10,10,0.2527
791,0.00003160,-0.6598,-0.1364,10,10,0.2268
792,0.00003559,-0.6978,-0.1542,10,10,0.2561
793,0.00005249,-0.5711,-0.1267,10,10,0.2687
794,0.00000463,-0.7277,-0.1890,10,10,0.1946
795,-0.00000866,-0.7231,-0.1915,10,10,0.1875
796,0.00005659,-0.6839,-0.2178,10,10,0.1825
797,0.00007561,-0.6325,-0.1706,10,10,0.2549
798,0.00006840,-0.7064,-0.1903,10,10,0.1149
799,0.00005026,-0.6670,-0.0800,10,10,0.1935
800,-0.00003660,-0.6849,-0.0074,10,10,0.2242
801,0.00003789,-0.5913,-0.0380,10,10,0.2001
802,0.00002910,-0.7132,-0.1269,10,10,0.1924
803,0.00000478,-0.7110,-0.1063,10,10,0.1297
804,0.00002664,-0.6465,-0.1109,10,10,0.1430
805,-0.00000267,-0.6463,-0.0807,10,10,0.3145
806,0.00000718,-0.6342,-0.0863,10,10,0.1428
807,-0.00003066,-0.6847,-0.0451,10,10,0.2699
808,-0.00001815,-0.6191,-0.0470,10,10,0.2436
809,0.00002418,-0.6916,-0.1845,10,10,0.3182
810,0.00005878,-0.7652,-0.2716,10,10,0.2027
811,0.00003586,-0.6906,-0.1886,10,10,0.3192
812,-0.00003691,-0.6800,-0.0368,10,10,0.2872
813,0.00003338,-0.5483,-0.0660,10,10,0.2559
814,0.00006492,-0.5188,-0.0829,10,10,0.1600
815,0.00003115,-0.5961,-0.0366,10,10,0.2452
816,0.00004431,-0.5517,-0.0848,10,10,0.3423
817,0.00005731,-0.6256,-0.1440,10,10,0.2570
818,0.00004243,-0.6394,-0.1444,10,10,0.1391
819,0.00006731,-0.6617,-0.1877,10,10,0.1614
820,0.00002164,-0.7553,-0.2201,10,10,0.2095
821,-0.00000147,-0.6098,-0.0973,10,10,0.2375
822,0.00003963,-0.5414,-0.1002,10,10,0.1603
823,0.00012566,-0.5266,-0.1335,10,10,0.2433
824,0.00006923,-0.5958,-0.0821,10,10,0.2663
825,0.00008311,-0.6332,-0.1124,10,10,0.1811
826,0.00002411,-0.6707,-0.0699,10,10,0.2021
827,-0.00000952,-0.6482,-0.0309,10,10,0.2163
828,0.00003837,-0.6420,-0.0858,10,10,0.1814
829,0.00005396,-0.6239,-0.0869,10,10,0.2307
830,0.00006016,-0.5880,-0.1252,10,10,0.2472
831,0.00006297,-0.5148,-0.1377,10,10,0.2136
832,0.00008048,-0.5719,-0.1772,10,10,0.2279
833,0.00003801,-0.5968,-0.1194,10,10,0.1731
834,-0.00000089,-0.6107,-0.0651,10,10,0.1260
835,-0.00001352,-0.6310,-0.0570,10,10,0.1848
836,0.00003388,-0.5510,-0.0878,10,10,0.1999
837,0.00004899,-0.5965,-0.1013,10,10,0.2552
838,0.00000839,-0.6044,-0.0160,10,10,0.4056
839,0.00003852,-0.5544,-0.0064,10,10,0.1964
840,0.00005158,-0.5145,-0.0565,10,10,0.2167
841,0.00000574,-0.5488,-0.0617,10,10,0.2821
842,0.00000649,-0.5938,-0.0735,10,10,0.2815
843,0.00004426,-0.5738,-0.1034,10,10,0.1692
844,-0.00001395,-0.6459,-0.0999,10,10,0.2024
845,-0.00003012,-0.6546,-0.0351,10,10,0.2366
846,0.00000182,-0.5950,0.0050,10,10,0.2661
847,0.00001389,-0.5622,0.0223,10,10,0.1913
848,0.00002671,-0.5769,-0.0024,10,10,0.1681
849,0.00002222,-0.5591,-0.0064,10,10,0.2234
850,0.00001383,-0.5745,-0.0117,10,10,0.2441
851,0.00000235,-0.6629,-0.0480,10,10,0.1382
852,0.00002898,-0.6171,-0.1034,10,10,0.2617
853,0.00004859,-0.5453,-0.0914,10,10,0.1981
854,0.00000621,-0.5624,-0.0326,10,10,0.1910
855,-0.00001071,-0.5957,-0.0340,10,10,0.2648
856,-0.00000362,-0.5307,-0.0134,10,10,0.1898
857,-0.00003508,-0.5455,0.0330,10,10,0.2017
858,0.00002408,-0.5302,-0.0202,10,10,0.2786
859,0.00004855,-0.5475,-0.0629,10,10,0.2738
860,0.00004634,-0.5824,-0.1080,10,10,0.2595
861,-0.00000578,-0.6748,-0.0944,10,10,0.2274
862,0.00003632,-0.6870,-0.1476,10,10,0.2129
863,0.00005422,-0.6479,-0.1381,10,10,0.2086
864,0.00004950,-0.6684,-0.1355,10,10,0.2922
865,0.00005743,-0.5796,-0.1059,10,10,0.2228
866,0.00008724,-0.4646,-0.0625,10,10,0.2175
867,0.00005952,-0.6150,-0.1014,10,10,0.1919
868,0.00004378,-0.7271,-0.1513,10,10,0.1864
869,-0.00003643,-0.6959,-0.0052,10,10,0.2096
870,0.00003044,-0.6076,-0.0472,10,10,0.2283
871,-0.00001564,-0.6262,-0.0521,10,10,0.1226
872,0.00000354,-0.6290,-0.0696,10,10,0.1601
873,0.00001192,-0.5984,-0.0329,10,10,0.2637
874,-0.00001276,-0.6578,-0.0533,10,10,0.2725
875,0.00002304,-0.6032,-0.0988,10,10,0.2342
876,0.00009997,-0.4854,-0.1269,10,10,0.3054
877,0.00004971,-0.5211,-0.0628,10,10,0.1362
878,0.00000014,-0.6788,-0.0360,10,10,0.1683
879,0.00005523,-0.6142,-0.1350,10,10,0.2176
880,0.00001074,-0.6863,-0.1111,10,10,0.1869
881,0.00004937,-0.6608,-0.1411,10,10,0.2143
882,0.00001579,-0.6336,-0.1054,10,10,0.1478
883,0.00011061,-0.5111,-0.1320,10,10,0.3204
884,0.00006504,-0.5277,-0.0872,10,10,0.2807
885,0.00005841,-0.4463,-0.0801,10,10,0.2377
886,0.00004688,-0.4742,-0.0547,10,10,0.2571
887,-0.00000444,-0.5020,0.0240,10,10,0.1654
888,-0.00001567,-0.5192,0.0357,10,10,0.1713
889,0.00000900,-0.5875,-0.0208,10,10,0.1766
890,0.00001763,-0.7053,-0.0845,10,10,0.1718
891,0.00003133,-0.6576,-0.1134,10,10,0.2074
892,0.00005706,-0.5963,-0.1713,10,10,0.1834
893,0.00004931,-0.5044,-0.0970,10,10,0.2275
894,0.00005170,-0.5327,-0.1010,10,10,0.1944
895,0.00003687,-0.5607,-0.0951,10,10,0.2437
896,-0.00001215,-0.5804,-0.0245,10,10,0.2010
897,0.00000482,-0.6407,-0.0689,10,10,0.2088
898,0.00002804,-0.6440,-0.1330,10,10,0.1616
899,0.00004628,-0.6200,-0.1150,10,10,0.2097
900,0.00003298,-0.5798,-0.0617,10,10,0.2350
901,0.00000929,-0.6332,-0.0415,10,10,0.2542
902,0.00002911,-0.5298,-0.0435,10,10,0.1624
903,0.00000172,-0.5113,0.0113,10,10,0.2780
904,0.00004928,-0.4409,-0.0039,10,10,0.2037
905,0.00000085,-0.5128,-0.0194,10,10,0.1626
906,0.00001915,-0.5393,-0.0921,10,10,0.2269
907,0.00003859,-0.6088,-0.1219,10,10,0.1853
908,0.00005409,-0.6941,-0.1395,10,10,0.2680
909,0.00002130,-0.6883,-0.1119,10,10,0.1958
910,0.00003446,-0.6526,-0.1181,10,10,0.2618
911,0.00001335,-0.6166,-0.0668,10,10,0.2967
912,-0.00001122,-0.6007,-0.0509,10,10,0.2222
913,0.00000896,-0.5837,-0.0429,10,10,0.1660
914,-0.00003957,-0.6574,-0.0356,10,10,0.2028
915,-0.00000088,-0.6467,-0.0214,10,10,0.2772
916,-0.00003042,-0.6523,0.0020,10,10,0.2477
917,0.00000075,-0.6114,-0.0191,10,10,0.2035
918,-0.00000780,-0.6474,-0.0627,10,10,0.2277
919,0.00002013,-0.6325,-0.1346,10,10,0.1893
920,-0.00000489,-0.5990,-0.0466,10,10,0.2443
921,-0.00003069,-0.5823,0.0071,10,10,0.3234
922,-0.00002841,-0.5698,0.0278,10,10,0.2130
923,0.00000259,-0.5567,0.0030,10,10,0.2022
924,0.00003648,-0.5780,-0.0817,10,10,0.3228
925,0.00005661,-0.5430,-0.0514,10,10,0.2661
926,0.00006529,-0.5106,-0.0967,10,10,0.2658
927,0.00006127,-0.4718,-0.0472,10,10,0.3228
928,0.00002644,-0.4952,-0.0219,10,10,0.1445
929,0.00007426,-0.4312,-0.0596,10,10,0.2518
930,0.00002514,-0.4643,0.0001,10,10,0.2414
931,-0.00002929,-0.5326,0.0147,10,10,0.2739
932,0.00000991,-0.5530,0.0120,10,10,0.2013
933,0.00000252,-0.7018,-0.0611,10,10,0.2732
934,-0.00002147,-0.6977,-0.0373,10,10,0.1684
935,-0.00001704,-0.6777,0.0085,10,10,0.2070
936,-0.00002895,-0.6464,0.0362,10,10,0.1530
937,-0.00002170,-0.6317,0.0478,10,10,0.1798
938,-0.00000538,-0.5775,0.0197,10,10,0.2045
939,-0.00004916,-0.5539,0.1119,10,10,0.2437
940,-0.00005835,-0.6032,0.0502,10,10,0.3065
941,-0.00002906,-0.5755,0.0279,10,10,0.1810
942,-0.00000160,-0.6245,-0.0353,10,10,0.2380
943,-0.00002677,-0.6343,0.0100,10,10,0.2231
944,0.00000060,-0.6825,-0.0915,10,10,0.1653
945,-0.00004577,-0.6916,0.0026,10,10,0.2898
946,0.00002974,-0.5945,-0.0710,10,10,0.2852
947,0.00000602,-0.5858,-0.0430,10,10,0.2227
948,0.00000631,-0.5037,0.0299,10,10,0.1783
949,0.00003719,-0.5491,-0.0139,10,10,0.2419
950,0.00002034,-0.5894,-0.0467,10,10,0.1825
951,0.00003223,-0.6173,-0.0934,10,10,0.2770
952,0.00002464,-0.6551,-0.0823,10,10,0.2971
953,0.00000213,-0.6766,-0.0897,10,10,0.2208
954,0.00001475,-0.6696,-0.0708,10,10,0.2556
955,0.00000107,-0.5867,-0.0054,10,10,0.2479
956,-0.00003298,-0.4958,0.0742,10,10,0.2658
957,-0.00000659,-0.4894,0.0666,10,10,0.2656
958,0.00008997,-0.4535,-0.0695,10,10,0.2417
959,0.00009560,-0.4682,-0.0909,10,10,0.2361
960,0.00003809,-0.5704,-0.0898,10,10,0.1784
961,0.00002015,-0.5623,-0.0481,10,10,0.2031
962,0.00002304,-0.5842,-0.0770,10,10,0.1524
963,0.00005796,-0.5948,-0.1288,10,10,0.3047
964,0.00001777,-0.6193,-0.0912,10,10,0.2703
965,0.00002472,-0.5570,-0.0207,10,10,0.2108
966,0.00002010,-0.5248,0.0059,10,10,0.2816
967,0.00003024,-0.5128,-0.0373,10,10,0.2633
968,0.00010359,-0.4077,-0.0562,10,10,0.2609
969,0.00009370,-0.3333,0.0321,10,10,0.2553
970,-0.00002309,-0.4700,0.1047,10,10,0.2740
971,-0.00005706,-0.5763,0.0851,10,10,0.1882
972,0.00006184,-0.5504,-0.0965,10,10,0.2454
973,-0.00002263,-0.5787,0.0186,10,10,0.1903
974,0.00000249,-0.5914,-0.0012,10,10,0.3601
975,0.00010078,-0.4660,-0.0152,10,10,0.2135
976,0.00002451,-0.5459,-0.0228,10,10,0.2692
977,0.00002742,-0.5102,0.0286,10,10,0.3158
978,-0.00001282,-0.5500,0.0732,10,10,0.3080
979,0.00000958,-0.5432,0.0338,10,10,0.2537
980,0.00003277,-0.5769,-0.0117,10,10,0.2281
981,0.00006674,-0.5714,-0.0500,10,10,0.2713
982,-0.00000220,-0.6286,-0.0008,10,10,0.3209
983,0.00003245,-0.5546,-0.0087,10,10,0.2702
984,-0.00001142,-0.6446,-0.0678,10,10,0.1753
985,-0.00004490,-0.6079,-0.0126,10,10,0.2211
986,-0.00002061,-0.6743,-0.1068,10,10,0.2422
987,-0.00010581,-0.6431,0.0844,10,10,0.2857
988,-0.00006991,-0.6457,0.0315,10,10,0.2892
989,-0.00003757,-0.6171,0.0697,10,10,0.2036
990,0.00002281,-0.5636,0.0075,10,10,0.3447
991,-0.00002116,-0.5436,0.0647,10,10,0.3099
992,0.00003690,-0.4810,-0.0019,10,10,0.1887
993,-0.00003897,-0.5542,0.0840,10,10,0.2738
994,-0.00002921,-0.5522,0.0242,10,10,0.3336
995,-0.00003408,-0.5161,0.0675,10,10,0.2863
996,-0.00005988,-0.6125,0.0003,10,10,0.1532
997,0.00000652,-0.5774,-0.0439,10,10,0.1521
998,0.00001490,-0.6102,-0.0476,10,10,0.2813
999,0.00007249,-0.5114,-0.0760,10,10,0.2022
1000,0.00017951,-0.4399,-0.1901,10,10,0.4239
1001,-0.00001120,-0.5364,0.1599,10,10,0.3425
1002,-0.00002351,-0.5473,0.1818,10,10,0.2497
1003,-0.00001125,-0.5488,0.0710,10,10,0.3066
1004,-0.00002868,-0.6045,0.0562,10,10,0.2375
1005,0.00004652,-0.5461,-0.0244,10,10,0.3004
1006,-0.00002214,-0.5639,0.0359,10,10,0.3413
1007,0.00002552,-0.5371,-0.0260,10,10,0.2909
1008,0.00004472,-0.4783,0.0047,10,10,0.2032
1009,0.00008604,-0.4122,-0.0036,10,10,0.2320
1010,0.00002189,-0.4832,-0.0086,10,10,0.1552
1011,0.00002241,-0.4939,0.0236,10,10,0.2491
1012,0.00003969,-0.4832,0.0092,10,10,0.2773
1013,0.00000030,-0.6035,-0.0167,10,10,0.2099
1014,0.00002442,-0.5865,-0.0601,10,10,0.2647
1015,0.00001844,-0.5803,-0.0233,10,10,0.2321
1016,0.00000502,-0.6330,-0.0265,10,10,0.1782
1017,-0.00000967,-0.6699,-0.0380,10,10,0.1946
1018,-0.00000112,-0.6137,-0.0198,10,10,0.2475
1019,-0.00002501,-0.6690,-0.0259,10,10,0.2506
1020,-0.00004149,-0.6872,0.0293,10,10,0.2098
1021,-0.00000257,-0.6348,-0.0386,10,10,0.1919
1022,-0.00004312,-0.6128,0.0641,10,10,0.2519
1023,-0.00001616,-0.5724,0.0142,10,10,0.2246
1024,-0.00002359,-0.6189,0.0202,10,10,0.1425
1025,-0.00004542,-0.6872,-0.0336,10,10,0.1973
1026,-0.00003909,-0.7263,-0.0763,10,10,0.2220
1027,0.00001167,-0.6877,-0.0868,10,10,0.2439
1028,0.00000422,-0.6878,-0.0383,10,10,0.1982
1029,0.00002163,-0.6437,-0.0149,10,10,0.2322
1030,0.00000440,-0.6312,0.0253,10,10,0.2459
1031,0.00000958,-0.6390,0.0069,10,10,0.1737
1032,0.00001422,-0.6198,-0.0144,10,10,0.1988
1033,0.00002890,-0.4907,0.0413,10,10,0.2911
1034,-0.00000400,-0.5339,0.0387,10,10,0.2566
1035,0.00000096,-0.5059,0.0741,10,10,0.2173
1036,-0.00002101,-0.5707,0.0694,10,10,0.2208
1037,0.00002148,-0.6468,-0.0293,10,10,0.2360
1038,0.00000679,-0.7134,-0.0577,10,10,0.2127
1039,-0.00002571,-0.7478,0.0058,10,10,0.2250
1040,0.00004485,-0.6288,0.0245,10,10,0.1876
1041,0.00003148,-0.5822,0.0275,10,10,0.2223
1042,0.00003093,-0.5781,0.0125,10,10,0.1892
1043,0.00002561,-0.5154,0.0586,10,10,0.2692
1044,0.00004752,-0.4494,0.0848,10,10,0.2615
1045,0.00000908,-0.5430,0.0469,10,10,0.1865
1046,0.00001986,-0.5087,0.0142,10,10,0.2124
1047,0.00001631,-0.5655,0.0261,10,10,0.2756
1048,0.00002392,-0.6127,-0.0311,10,10,0.2288
1049,0.00002899,-0.6273,-0.0425,10,10,0.1867
1050,0.00004341,-0.6354,-0.0484,10,10,0.2961
1051,0.00005610,-0.6258,-0.0829,10,10,0.2645
1052,0.00004627,-0.5480,-0.0136,10,10,0.2362
1053,0.00002637,-0.6015,-0.0597,10,10,0.1578
1054,0.00003686,-0.5142,-0.0033,10,10,0.2708
1055,-0.00000493,-0.5617,0.0331,10,10,0.2560
1056,-0.00000798,-0.6140,0.0221,10,10,0.2123
1057,0.00000603,-0.6964,-0.0694,10,10,0.2290
1058,-0.00001636,-0.6941,-0.0281,10,10,0.2117
1059,0.00000441,-0.6726,-0.0789,10,10,0.2250
1060,0.00001779,-0.7022,-0.0946,10,10,0.3051
1061,-0.00000831,-0.7178,-0.0464,10,10,0.2497
1062,-0.00003824,-0.6565,0.0002,10,10,0.2307
1063,-0.00001867,-0.6892,-0.0135,10,10,0.1561
1064,0.00001258,-0.6205,0.0064,10,10,0.1893
1065,-0.00001324,-0.6445,0.0430,10,10,0.2580
1066,0.00000168,-0.6452,0.0227,10,10,0.2625
1067,0.00001821,-0.6045,0.0734,10,10,0.2758
1068,0.00004080,-0.6154,-0.0168,10,10,0.1603
1069,0.00001826,-0.6174,-0.0176,10,10,0.2067
1070,0.00004687,-0.5678,-0.0746,10,10,0.2217
1071,0.00006003,-0.5508,-0.0310,10,10,0.2275
1072,0.00003093,-0.5866,0.0179,10,10,0.2109
1073,-0.00000730,-0.6441,0.0139,10,10,0.2807
1074,0.00000617,-0.6138,0.0397,10,10,0.1628
1075,0.00001617,-0.6239,0.0137,10,10,0.1995
1076,0.00003554,-0.6087,-0.0044,10,10,0.2429
1077,-0.00001902,-0.7805,-0.0439,10,10,0.2630
1078,0.00001929,-0.7155,-0.1056,10,10,0.2488
1079,0.00001582,-0.7413,-0.0902,10,10,0.2377
1080,0.00003445,-0.6353,-0.0201,10,10,0.2740
1081,0.00006243,-0.5111,-0.0252,10,10,0.1652
1082,0.00006736,-0.4866,-0.0033,10,10,0.1778
1083,0.00005667,-0.4933,0.0189,10,10,0.1640
1084,0.00005873,-0.5353,0.0477,10,10,0.1790
1085,0.00004534,-0.5972,0.0548,10,10,0.1590
1086,0.00000297,-0.6233,0.0489,10,10,0.1575
1087,-0.00001826,-0.6895,0.0420,10,10,0.2237
1088,0.00001305,-0.6176,0.0379,10,10,0.2262
1089,0.00001795,-0.5889,0.0114,10,10,0.2392
1090,0.00001803,-0.5807,0.0101,10,10,0.2117
1091,0.00000235,-0.5205,0.1294,10,10,0.1488
1092,0.00003509,-0.4630,0.1249,10,10,0.2923
1093,0.00002689,-0.4677,0.1356,10,10,0.2759
1094,0.00000064,-0.4719,0.2247,10,10,0.1834
1095,0.00000142,-0.5825,0.1692,10,10,0.1903
1096,-0.00002038,-0.6349,0.1290,10,10,0.2383
1097,-0.00006693,-0.6584,0.1626,10,10,0.2054
1098,-0.00004916,-0.6355,0.1652,10,10,0.1958
1099,-0.00003484,-0.6592,0.0410,10,10,0.1961
1100,-0.00001686,-0.5504,0.1638,10,10,0.2671
1101,0.00005457,-0.4897,0.0645,10,10,0.2418
1102,0.00002975,-0.5010,0.1056,10,10,0.2143
1103,0.00003786,-0.4282,0.1054,10,10,0.2047
1104,0.00004787,-0.4886,0.0209,10,10,0.2061
1105,0.00002149,-0.5180,0.0580,10,10,0.2209
1106,-0.00001293,-0.5279,0.1208,10,10,0.1932
1107,-0.00000433,-0.6028,0.1219,10,10,0.2081
1108,-0.00000975,-0.6127,0.1671,10,10,0.1794
1109,0.00003732,-0.6325,0.0474,10,10,0.2454
1110,0.00004131,-0.6421,0.0169,10,10,0.2600
1111,0.00003563,-0.5603,0.0284,10,10,0.1399
1112,0.00003486,-0.5074,0.0489,10,10,0.1825
1113,0.00006550,-0.4064,0.0312,10,10,0.2077
1114,0.00010661,-0.4009,-0.0416,10,10,0.1661
1115,0.00006578,-0.5075,0.0192,10,10,0.2636
1116,0.00001102,-0.5312,0.1191,10,10,0.2698
1117,-0.00000760,-0.6007,0.0954,10,10,0.2698
1118,-0.00002143,-0.6019,0.1023,10,10,0.2560
1119,-0.00003303,-0.5949,0.1402,10,10,0.2831
1120,-0.00003673,-0.5410,0.1841,10,10,0.1921
1121,-0.00002468,-0.5436,0.1671,10,10,0.1911
1122,0.00001866,-0.4583,0.0889,10,10,0.1873
1123,-0.00001188,-0.4920,0.0551,10,10,0.1898
1124,0.00002429,-0.4187,0.0828,10,10,0.1730
1125,0.00001280,-0.3700,0.1646,10,10,0.1525
1126,0.00002145,-0.4238,0.1767,10,10,0.2350
1127,0.00004577,-0.4077,0.1324,10,10,0.2238
1128,0.00003334,-0.4973,0.1001,10,10,0.2163
1129,0.00000717,-0.5392,0.0863,10,10,0.2214
1130,0.00000656,-0.5583,0.0604,10,10,0.1770
1131,0.00000476,-0.5379,0.0955,10,10,0.1341
1132,-0.00001649,-0.5184,0.1084,10,10,0.1996
1133,-0.00001343,-0.4262,0.2330,10,10,0.1284
1134,0.00000253,-0.4145,0.2369,10,10,0.2424
1135,0.00002365,-0.4018,0.1989,10,10,0.1755
1136,0.00005700,-0.3483,0.1464,10,10,0.1801
1137,0.00002182,-0.3422,0.1877,10,10,0.3014
1138,0.00000029,-0.4192,0.1777,10,10,0.3028
1139,0.00000952,-0.4290,0.1305,10,10,0.2784
1140,-0.00000555,-0.4594,0.1161,10,10,0.2305
1141,0.00000695,-0.4134,0.0721,10,10,0.1578
1142,0.00000024,-0.4674,0.1200,10,10,0.2549
1143,0.00003082,-0.4656,0.0937,10,10,0.1928
1144,0.00001375,-0.4665,0.1582,10,10,0.2300
1145,-0.00000880,-0.4383,0.2290,10,10,0.2413
1146,0.00000637,-0.4564,0.1296,10,10,0.1993
1147,0.00001173,-0.4329,0.0940,10,10,0.1562
1148,0.00002764,-0.4632,0.0550,10,10,0.1640
1149,0.00002481,-0.4704,0.0950,10,10,0.1451
1150,0.00001675,-0.5016,0.0656,10,10,0.2253
1151,0.00002184,-0.4596,0.1404,10,10,0.3495
1152,0.00000264,-0.4558,0.1476,10,10,0.1947
1153,0.00000854,-0.5091,0.1678,10,10,0.1451
1154,-0.00001456,-0.5061,0.1554,10,10,0.1610
1155,0.00004291,-0.3805,0.1554,10,10,0.1803
1156,0.00000834,-0.4146,0.1860,10,10,0.1949
1157,0.00001257,-0.4552,0.1849,10,10,0.2575
1158,-0.00001255,-0.4448,0.2034,10,10,0.2361
1159,-0.00003056,-0.4492,0.2392,10,10,0.2986
1160,0.00000456,-0.5142,0.1750,10,10,0.2594
1161,0.00000148,-0.5098,0.0987,10,10,0.2484
1162,-0.00002714,-0.5708,0.0705,10,10,0.2376
1163,0.00001646,-0.5293,0.0479,10,10,0.2297
1164,-0.00001335,-0.4986,0.1323,10,10,0.2346
1165,0.00001286,-0.4795,0.1267,10,10,0.1895
1166,0.00001665,-0.4354,0.1598,10,10,0.1448
1167,0.00001711,-0.4272,0.1686,10,10,0.1734
1168,0.00001852,-0.4830,0.1374,10,10,0.2195
1169,0.00000629,-0.4199,0.1945,10,10,0.2407
1170,-0.00002327,-0.4403,0.2255,10,10,0.1525
1171,-0.00000967,-0.4317,0.1984,10,10,0.2564
1172,-0.00008287,-0.5443,0.2642,10,10,0.2833
1173,-0.00005662,-0.5457,0.1921,10,10,0.2477
1174,-0.00004719,-0.5630,0.1519,10,10,0.2591
1175,0.00000325,-0.5314,0.0994,10,10,0.2592
1176,0.00003215,-0.4979,0.0896,10,10,0.2393
1177,0.00003516,-0.4793,0.1023,10,10,0.2502
1178,0.00003765,-0.4022,0.1767,10,10,0.1840
1179,0.00005577,-0.3252,0.1324,10,10,0.1486
1180,-0.00000077,-0.4437,0.0975,10,10,0.0921
1181,-0.00000158,-0.4471,0.1372,10,10,0.2232
1182,0.00001616,-0.4592,0.0752,10,10,0.1896
1183,0.00000469,-0.5208,0.0432,10,10,0.1874
1184,0.00000800,-0.5020,0.0498,10,10,0.2335
1185,-0.00000721,-0.5254,0.1098,10,10,0.2277
1186,0.00000069,-0.5189,0.1457,10,10,0.3262
1187,0.00000260,-0.4773,0.1690,10,10,0.1122
1188,0.00000033,-0.4636,0.1169,10,10,0.1360
1189,-0.00000221,-0.4798,0.0837,10,10,0.1346
1190,-0.00000045,-0.4226,0.1491,10,10,0.2046
1191,-0.00001639,-0.4427,0.2029,10,10,0.2373
1192,-0.00001677,-0.4412,0.2331,10,10,0.1576
1193,-0.00002839,-0.4942,0.1951,10,10,0.2473
1194,-0.00001159,-0.5131,0.1665,10,10,0.2840
1195,-0.00003679,-0.5137,0.1912,10,10,0.2637
1196,0.00003329,-0.4468,0.1237,10,10,0.2323
1197,0.00001827,-0.4337,0.1294,10,10,0.2304
1198,-0.00000428,-0.4536,0.1365,10,10,0.1363
1199,-0.00000763,-0.4600,0.1345,10,10,0.1777
1200,-0.00002709,-0.5057,0.1107,10,10,0.1521
1201,-0.00004069,-0.5217,0.1206,10,10,0.2402
1202,-0.00002476,-0.4912,0.1250,10,10,0.1804
1203,0.00001412,-0.5686,0.0458,10,10,0.2994
1204,-0.00000844,-0.5517,0.1003,10,10,0.1656
1205,-0.00002474,-0.5292,0.1478,10,10,0.1775
1206,-0.00005808,-0.5388,0.1137,10,10,0.1928
1207,-0.00003799,-0.5249,0.1055,10,10,0.1965
1208,-0.00003506,-0.5005,0.1235,10,10,0.1869
1209,0.00000101,-0.5369,0.0334,10,10,0.2728
1210,0.00001045,-0.4902,0.0604,10,10,0.1639
1211,0.00001425,-0.4644,0.0754,10,10,0.2190
1212,0.00007589,-0.3983,0.0924,10,10,0.2044
1213,0.00009941,-0.3957,0.0557,10,10,0.2343
1214,0.00009193,-0.3466,0.0988,10,10,0.1866
1215,0.00006360,-0.3925,0.0750,10,10,0.1990
1216,0.00010345,-0.3872,-0.0094,10,10,0.2122
1217,0.00003998,-0.4084,0.1001,10,10,0.2668
1218,0.00005422,-0.4307,0.0476,10,10,0.2777
1219,0.00002651,-0.4555,0.0714,10,10,0.1296
1220,0.00001824,-0.5506,0.0391,10,10,0.1716
1221,0.00000420,-0.5216,0.1030,10,10,0.2402
1222,0.00004083,-0.4979,0.0672,10,10,0.1327
1223,-0.00008175,-0.5351,0.0888,10,10,0.3297
1224,-0.00011485,-0.5187,0.1789,10,10,0.2187
1225,-0.00014437,-0.5734,0.2003,10,10,0.2344
1226,-0.00002893,-0.4910,0.1224,10,10,0.2464
1227,0.00006689,-0.5043,-0.0381,10,10,0.2994
1228,0.00004787,-0.4950,-0.0084,10,10,0.2665
1229,-0.00000098,-0.5194,0.0775,10,10,0.1661
1230,0.00005438,-0.5074,0.0337,10,10,0.2875
1231,0.00005140,-0.5194,-0.0106,10,10,0.2378
1232,0.00016608,-0.3873,-0.0479,10,10,0.4586
1233,0.00018946,-0.3211,-0.0294,10,10,0.2947
1234,0.00015273,-0.3578,0.0214,10,10,0.2019
1235,-0.00003945,-0.5926,0.0827,10,10,0.3906
1236,-0.00010356,-0.6557,0.0724,10,10,0.2753
1237,-0.00003461,-0.5836,0.0647,10,10,0.3433
1238,-0.00002587,-0.5434,0.1099,10,10,0.2393
1239,0.00002694,-0.5071,0.0857,10,10,0.2400
1240,-0.00001721,-0.5390,0.0556,10,10,0.2357
1241,0.00004563,-0.4804,0.0039,10,10,0.1864
1242,-0.00004441,-0.5775,0.0455,10,10,0.3519
1243,-0.00002290,-0.5020,0.1146,10,10,0.2497
1244,0.00008684,-0.4291,0.0089,10,10,0.2325
1245,-0.00014062,-0.6277,0.1104,10,10,0.3116
1246,-0.00003491,-0.5449,0.0827,10,10,0.2397
1247,-0.00007566,-0.5198,0.1123,10,10,0.1200
1248,0.00003884,-0.4530,0.0185,10,10,0.2389
1249,-0.00002650,-0.5233,0.0460,10,10,0.2285
1250,-0.00013646,-0.6414,0.1543,10,10,0.2722
1251,-0.00001952,-0.5704,0.0619,10,10,0.2041
1252,0.00000316,-0.5289,0.0661,10,10,0.2780
1253,-0.00006859,-0.5503,0.1641,10,10,0.2463
1254,-0.00002370,-0.4981,0.1191,10,10,0.1489
1255,0.00003057,-0.4678,0.0704,10,10,0.3410
1256,-0.00005682,-0.5746,0.0865,10,10,0.3645
1257,-0.00010195,-0.5623,0.1604,10,10,0.2213
1258,-0.00008607,-0.5360,0.1588,10,10,0.3043
1259,-0.00013345,-0.5657,0.2095,10,10,0.3092
1260,-0.00005606,-0.5623,0.1388,10,10,0.2784
